# index code colatitude longitude radius 
1 TKH 9.7641196848179366 52.799999999999997 6357.3740655748843
2 CCS 12.363244658014413 104.28300000000000 6357.7376435218766
3 THL 12.614771883923218 290.76700000000000 6357.8241054444879
4 RES 15.408294536762700 265.10500000000002 6358.2846063463867
5 BJN2 15.599391894649933 19.199999999999999 6358.3711912676372
6 DIK 16.561856048042802 80.561999999999998 6358.4965872694702
7 TIK 18.532669633612596 129.00000000000000 6358.9426721853506
8 BRW 18.794064745319183 203.38000000000000 6358.9735934232513
9 TRO 20.462732829764004 18.948000000000000 6359.4661170136051
10 ABK 21.774245903582212 18.823000000000000 6360.0619098302741
11 SOD3 22.769011563218612 26.629999999999999 6360.1193992515991
12 CWE 23.979587975654916 190.16499999999999 6360.2793347261604
13 CMO2 25.281296046994051 212.16700000000000 6360.7262156938668
14 SRE 27.725187786215361 152.31700000000001 6361.3623305655165
15 DOB2 28.086538128997333 9.1170000000000009 6362.1335803420498
16 YAK 28.142762525744971 129.71700000000001 6361.5909735859304
17 NUR 29.657196826317819 24.655000000000001 6362.0779406602978
18 LER 30.033477111573937 358.81700000000001 6362.1738770101138
19 LNN 30.217091572069783 30.704999999999998 6362.2182277557395
20 LOV 30.824073975435926 17.827000000000002 6362.3709633240205
21 SIT2 33.108847333461156 224.68299999999999 6363.1340867161007
22 SVD 33.443740172073454 61.067000000000000 6363.5145306226914
23 KZN 34.346051351510901 48.850000000000001 6363.6157114789276
24 BFE 34.554558989587676 11.672000000000001 6363.6881849836345
25 RSV 34.696901056349645 12.457000000000001 6363.7037778150889
26 MOS 34.712934858704898 37.311999999999998 6363.8633707733115
27 ESK 34.863288638549172 356.80000000000001 6363.9578683603049
28 MEA 35.565868525141575 246.65299999999999 6364.6625268729103
29 HLP 35.573905995150014 18.815000000000001 6363.9683575545960
30 WNG 36.440718131401894 9.0730000000000004 6364.3225846525384
31 WIT 37.372481323506719 6.6680000000000001 6364.6260827452852
32 ZUY 37.719087639428594 104.03300000000000 6364.7309313096275
33 SWI 38.066664858114827 21.250000000000000 6364.9565322906110
34 NGK 38.114743594178897 12.675000000000001 6364.9519365655442
35 VAL 38.253968823340358 349.75000000000000 6364.9323764236915
36 HAD 39.193356810440939 355.51700000000000 6365.3572198366846
37 MAB 39.891248658422789 5.6820000000000004 6365.9617374263744
38 DOU 40.092494905153281 4.5949999999999998 6365.8036387697848
39 PRU 40.209626321528567 14.550000000000001 6365.9676957868624
40 WIK 41.926238712039961 16.318000000000001 6366.6728402971712
41 FUR 42.026306620320987 11.276999999999999 6366.8799626252376
42 CLF 42.168419068669778 2.2599999999999998 6366.5077027825846
43 HRB 42.318520000610938 18.190000000000001 6366.5384395329220
44 NTS 42.941883428091430 358.43299999999999 6366.6502039223878
45 JSS 43.008916718343443 27.533000000000001 6366.6751518269930
46 YSS 43.242022197860500 142.71700000000001 6366.8319405667171
47 THY 43.292040010014283 17.893000000000001 6366.9705698680909
48 ODE 43.409089380048641 30.882999999999999 6366.9641715671605
49 SUA 45.512404286971886 26.253000000000000 6367.6928144596432
50 CAO 45.762364532656008 8.9299999999999997 6368.0520971961887
51 MMB 46.285260206666592 144.19300000000001 6367.9361667328349
52 VOR 46.409225026004840 132.03299999999999 6367.9433944075417
53 AGN 46.412218819338705 280.73000000000002 6368.1195117062061
54 PAG 47.676630077254302 24.177000000000000 6368.9713673464694
55 KEL 48.773843046154703 69.200000000000003 6368.8224966038160
56 ISK 49.127520269003462 29.062000000000001 6369.0833389421268
57 EBR 49.370286947659416 0.49299999999999999 6369.0930195021983
58 COI 49.967647212168202 351.57799999999997 6369.3631975963463
59 FRD 51.981889038191959 282.62700000000001 6370.0683097716501
60 SMG 52.419169236302842 334.35000000000002 6370.1575866037483
61 ALM 53.334515782947797 357.53300000000002 6370.5518306581125
62 SFS1 53.717769148575371 353.80000000000001 6370.6517871161059
63 KAK 53.953293336671237 140.19000000000000 6370.7336733699685
64 KSA 56.360723193770909 35.883000000000003 6371.5515534888464
65 SSO 56.607079721127853 135.93000000000001 6371.6953800018027
66 TUC2 57.993201244699080 249.27000000000001 6373.0317185672520
67 SSH 59.072938255792707 121.18700000000000 6372.5673788268250
68 HLW 60.295923747979927 31.329999999999998 6372.9861311653904
69 TAM 67.345093973993045 5.5270000000000001 6376.3236119095227
70 HON2 68.829947993473368 201.90000000000001 6374.3367214981927
71 TEO 70.375022746379798 260.81799999999998 6377.9938995354923
72 ABG 71.478233348988425 72.872000000000000 6375.9762230643128
73 SJG1 71.731867524427116 293.88299999999998 6376.0261458084142
74 MBO 75.700383127623056 343.04199999999997 6376.8312156769616
75 MUT 75.717282412928071 121.01500000000000 6376.8912467534647
76 KOD 79.837027993382506 77.462999999999994 6379.7909407201332
77 IBD 82.619187395446261 3.8999999999999999 6378.0823336796202
78 FUQ 84.566384396767333 286.26299999999998 6380.4872894588734
79 BNG 85.592584161683050 18.565000000000001 6378.4000747240052
80 BIN 94.238539112610042 15.367000000000001 6378.0195973737009
81 KUY 95.992907118319508 106.73300000000000 6377.9027293212621
82 ELI 101.57412055725932 27.466999999999999 6377.2719836330853
83 HUA 101.96673772806530 284.66000000000003 6380.5261877825405
84 API 103.71807251494005 188.22499999999999 6376.9306285416415
85 TAN 108.79930786166388 47.549999999999997 6377.2811700903194
86 LQA 111.96922719239228 294.39499999999998 6378.5810313134816
87 VSS 112.26474181644213 316.35000000000002 6375.5108030844758
88 WAT 120.13263785817345 115.90000000000001 6372.9674858951194
89 GNA 121.61095124841277 115.95000000000000 6372.3003672708537
90 HER 124.24575380849522 19.225000000000001 6371.3674533185922
91 TOO 127.34723419795935 145.46700000000001 6370.2418842160814
92 AML 132.95801785316485 172.72000000000000 6368.2192007900694
93 MCQ 144.31785848480661 158.94999999999999 6364.0075505741625
94 MIR 156.40917479535179 93.016999999999996 6360.1825990224679
95 MAW 157.46910996427891 62.881999999999998 6359.8904495745610
96 GDH1 20.894912700439576 306.48300000000000 6359.4602974915942
97 LVV 40.289714702070995 23.750000000000000 6366.0681535336807
98 TFS 48.099340960071707 44.704999999999998 6369.5524178193655
99 BJI 50.149437498639749 116.17500000000000 6369.3990521297010
100 AIA 155.09833644472857 295.74200000000002 6360.5377332970775
101 DRV 156.52470399242912 140.00700000000001 6360.1711374860042
102 HBA 165.41649421009231 333.39699999999999 6358.1313982608981
103 OAS 156.15803342113210 100.71700000000000 6360.2603986127006
104 BDE 26.151939113724307 214.15000000000001 6361.2694880123690
105 AMU 28.929645202703217 210.13300000000001 6361.7368056118821
106 REG 42.708759480908377 8.4499999999999993 6366.5634776157767
107 CNH1 46.142298842895244 125.29900000000001 6367.8438447450080
108 VLA 46.509184028903846 132.16700000000000 6368.2806655493450
109 LGR 47.741593659389459 357.50000000000000 6368.8845166206966
110 TKT 48.857745750121481 69.617000000000004 6369.6635599927422
111 TOL 50.306236828907750 355.95299999999997 6369.8886584849797
112 BLT 50.705734779230262 261.86700000000002 6369.9641594120676
113 QUE 59.979947389367233 66.950000000000003 6374.5140308544615
114 LSA 60.465251818438070 91.150000000000006 6376.5785936467164
115 CPA 67.785029377737033 103.83300000000000 6375.0668644140023
116 GUA 76.504592440589335 144.87000000000000 6377.1168047583087
117 KOR 82.718542059798963 134.50000000000000 6377.8017659187171
118 TTB2 91.191968964281003 311.48300000000000 6378.1376999569839
119 HNA 92.552818647663159 140.52000000000001 6378.3243623599355
120 TNG 96.126030208307398 106.63300000000000 6377.9062465095703
121 PAF 139.15969282953844 70.200000000000003 6365.9210342013639
122 PIO 159.60767538202805 95.500000000000000 6362.0369982333177
123 VIC 41.674050457852218 236.58300000000000 6366.3763527695119
124 FAN 86.126028687230061 200.61699999999999 6378.0418952282434
125 JRV 89.619563907915875 199.96700000000001 6378.1400531577838
126 TRW 133.07596539318797 294.61799999999999 6368.1652686096568
127 LRV 25.968189195376361 338.30000000000001 6360.8405219630840
128 KIV1 39.471762410927361 30.300000000000001 6364.3689969653651
129 KNY 58.750943461144246 130.88200000000001 6372.4668433935585
130 GZH 67.045530828217139 113.34300000000000 6374.8814295979746
131 ANN 78.707134306877947 79.683000000000007 6377.3129658975968
132 PMG 99.346134060979949 147.15199999999999 6377.6502355364919
133 VOS 168.37431160202053 106.86700000000000 6361.1162438188867
134 TMK 33.710447928003106 84.933000000000007 6363.3160857214716
135 GCK 45.559395000504260 20.766999999999999 6367.8573524976737
136 MCP 45.642371011897964 8.9499999999999993 6368.3573212268602
137 AAE2 81.029442101846385 38.767000000000003 6380.0565017918098
138 TRD2 81.572968486942415 76.950000000000003 6377.9754488120498
139 PAB 84.218697052363538 304.77999999999997 6377.9209250421918
140 LUA3 98.858255649743896 13.167000000000000 6377.6803956513168
141 KVA 101.55722518330720 27.417000000000002 6377.2744723898368
142 TAH 107.43965692699089 210.38300000000001 6376.2073551552821
143 MRI 109.97611464497457 57.549999999999997 6375.6300286923497
144 WIL 156.10780598511121 110.58000000000000 6360.2552248334159
145 SYO 158.87795437358619 39.590000000000003 6359.5168292777498
146 BYR1 169.91687025079159 240.00000000000000 6357.4042991222032
147 MFP 86.672369100605067 8.6699999999999999 6380.0135861270483
148 MMK 21.882776910941992 33.082999999999998 6359.9097717962914
149 ASH 52.236459426272873 58.107999999999997 6370.6615304281740
150 LZH 54.095954903211450 103.84500000000000 6372.3183864712792
151 SPA 179.99295282282677 346.67800000000000 6356.7520011474680
152 HIS 9.4451017008722538 58.049999999999997 6357.3450754906717
153 MRM 21.179330089430675 33.049999999999997 6359.5311656334861
154 IRT2 38.019574987717881 104.45000000000000 6365.3794953250490
155 PEG1 52.139621192064382 23.867000000000001 6370.5514744619250
156 WHN 59.640116504553049 114.55900000000000 6372.6954868518587
157 TEN 61.678017382780276 343.73300000000000 6373.6148463891905
158 LWI 92.234956712443818 28.800000000000001 6379.7843143828031
159 HLL 162.20531816528657 170.21700000000001 6358.7401643494732
160 BLC 25.817561943272668 263.96699999999998 6360.8214875502999
161 AQU 47.808546083122501 13.317000000000000 6369.0944016776311
162 TEH 54.445220927323646 51.381999999999998 6372.2491753574996
163 MLT 60.649705593891944 30.891999999999999 6373.0996728336459
164 LMM 115.76602437087703 32.582999999999998 6374.1295176687063
165 PIL 121.49530851497167 296.11700000000002 6372.6149502964472
166 NWS 160.37858672173547 357.46699999999998 6359.2327056300546
167 MNK 35.682135905744140 27.882999999999999 6364.2035495838209
168 HON3 68.810026386364115 201.99799999999999 6375.3336954501574
169 NVL 160.63995732471588 11.816000000000001 6359.5515787023705
170 STO 36.333500975399097 357.52999999999997 6364.3504196266786
171 NCK 42.558668151892100 16.716999999999999 6366.6676732701526
172 KNZ 54.928182781160821 139.96000000000001 6371.3945046260051
173 LAS 124.82637041833431 302.31000000000000 6371.1586809596483
174 SNA1 160.17754324184591 357.63299999999998 6359.2001929367398
175 ALE 7.5529848426374029 297.64699999999999 6357.1796507910994
176 BYR2 169.95108544351285 240.48300000000000 6357.3999244719989
177 MBC 13.773729304698453 240.63800000000001 6357.9984839042536
178 KIR 22.301790805171205 20.417000000000002 6360.2083789971939
179 AAA 46.941988572786897 76.917000000000002 6369.4419638306172
180 FCC 31.411921019230377 265.91199999999998 6362.5546515402011
181 KIV2 39.471729821098201 30.300000000000001 6365.4679910021823
182 DAL 57.195489480281466 263.25000000000000 6372.0477219238664
183 SAB 59.804563414034440 77.798000000000002 6373.2050707888848
184 SBA 167.77057073090396 166.78299999999999 6357.7219531720220
185 EGS 165.13787398985306 282.83300000000003 6358.6022969532487
186 BOU 50.051504828589017 254.76200000000000 6370.9440544658919
187 NAI 91.324081783198821 36.817000000000000 6379.7955243988072
188 TSU 109.09770065123473 17.699999999999999 6375.9204858986659
189 SJG2 71.996425914451393 293.85000000000002 6376.4848021396210
190 HYB 72.696581400365403 78.555000000000007 6376.7364551624669
191 KGD 40.372818951579113 73.082999999999998 6365.6987328432542
192 CTS 44.145284912164108 11.650000000000000 6368.2986354115164
193 ROB 45.892352823284575 7.8830000000000000 6367.7505983190686
194 LNP 65.147087291688052 121.16700000000000 6374.4437746150743
195 MOL 157.53140558820687 45.850000000000001 6359.8620671651088
196 RBD2 160.31123547339189 24.300000000000001 6359.1685689018514
197 GWC 34.913412067623810 282.21699999999998 6363.7563913248114
198 BEL 38.350115326868753 20.792000000000002 6365.1392456058156
199 NEW 41.928228781611040 242.88000000000000 6367.0535805128484
200 UBA 42.341538507131247 107.05000000000000 6366.4269889034977
201 PTU 169.17929458299710 40.500000000000000 6361.1220623214604
202 NAL 11.155827293989528 11.933000000000000 6357.5596496101325
203 MGD 30.049533298105768 151.01700000000000 6362.0940578349682
204 NVS 35.147950585298283 82.900000000000006 6363.9355414543197
205 BDV 41.110553852287659 14.015000000000001 6366.4668379947871
206 NAQ 29.063121607520827 314.80000000000001 6361.7829379408022
207 PPT 107.45755972672256 210.42500000000001 6376.2935166775642
208 OTT 44.792414046857104 284.44999999999999 6367.4150917852630
209 STJ 42.596692371777671 307.32299999999998 6366.6218082250271
210 POD 28.561312079150792 90.000000000000000 6361.6211858367196
211 PET1 37.285325326014537 158.43299999999999 6364.5747539297518
212 MIZ 51.178100387050108 141.08000000000001 6369.8268600610718
213 CRC 52.952230499527694 237.86699999999999 6370.3496808086165
214 SJL 67.121177095378769 277.35000000000002 6374.8907534806713
215 HVN2 67.170943692344125 277.85000000000002 6374.9040959415970
216 SNA2 160.19463157461348 357.66699999999997 6359.1961408050292
217 CBB 21.005464726845009 254.96899999999999 6359.5077508301438
218 TCN 67.768110514234991 114.21700000000000 6375.0624265901688
219 HBK 115.73120476363894 27.707000000000001 6375.6117250782954
220 ARS 33.744528167120897 58.567999999999998 6363.6178123522259
221 PET2 37.084955678412022 158.63300000000001 6364.6128324517631
222 MRN 136.67494043469171 37.850000000000001 6366.7928677565842
223 CBI 63.072693293791303 142.16700000000000 6373.8877332368702
224 CZT 136.24078718892824 51.866999999999997 6367.1146575075918
225 NKK 44.392369063064478 62.100000000000001 6367.1908071877633
226 LPB 106.42830582313393 291.89999999999998 6376.4185853560839
227 GRM 123.10370692333242 26.480000000000000 6372.3855709550571
228 YKC2 27.675994871650353 245.51800000000000 6361.5452609837284
229 GTV 144.10040958712040 323.51600000000002 6364.6604332953557
230 GDH2 20.875816605597205 306.46699999999998 6359.4795674389934
231 AMT2 58.621335439376736 34.917000000000002 6372.6677865441670
232 JAI 63.238029868042688 75.799999999999997 6374.2216095604554
233 SHL 64.582508019294124 91.882999999999996 6374.3111948149472
234 UJJ 66.955938116591852 75.783000000000001 6375.3452930473659
235 BOX 32.143118502203066 38.969999999999999 6362.7834504445491
236 WHS 40.439892317624718 264.75000000000000 6365.7234260241949
237 ARC 152.00077348839713 301.52199999999999 6361.4526098619226
238 WMQ 46.375206075519557 87.697000000000003 6368.9007146554350
239 EYR 133.22491504241057 172.34999999999999 6368.4697751067324
240 CSY 156.14095643408325 110.53300000000000 6360.2760970052541
241 HRN 13.084609484592779 15.550000000000001 6357.8578055587141
242 SNA3 160.19362733953594 354.41600000000000 6359.2463789709418
243 CNH2 46.142298842895244 125.20000000000000 6367.8438447450080
244 CNB 125.13369204891306 149.36300000000000 6371.8807406798833
245 SPT 50.641803332447253 355.64999999999998 6370.4327438134187
246 HTY 57.053877729781803 139.80199999999999 6372.0094310791264
247 HVN3 67.155018426747262 277.68299999999999 6374.8998288176708
248 ETT 81.059273357619546 78.000000000000000 6377.6649412079651
249 AMS 127.64672067550181 77.566999999999993 6370.1837766835588
250 DVS 158.45185136738260 77.966999999999999 6359.6532219947576
251 GLN 40.544998366431422 262.88000000000000 6365.9911414631288
252 CDP 59.169617411688897 103.70000000000000 6373.1522455710256
253 QZH 65.246656336510526 118.59999999999999 6374.3821704475149
254 QGZ 71.118152670717393 109.80000000000000 6376.1142612348513
255 TUN 86.513439459574130 98.560000000000002 6378.0575125276564
256 NMP2 105.00349139502586 39.250000000000000 6377.0710738134057
257 DLR 60.677602371660015 259.08499999999998 6373.3435912660170
258 KRC 65.196873305128705 67.140000000000001 6374.3579832250252
259 FRN 53.094958595262881 240.28000000000000 6370.7319493744972
260 DLT 78.160519190532142 108.41700000000000 6377.2324452333523
261 NMP1 104.98658425220837 39.250000000000000 6376.7002413263926
262 PTY 107.14137379254224 292.05000000000001 6380.0598123776308
263 CRP 79.628357578508954 275.08900000000000 6378.4704911536883
264 TUL 54.270623859159727 264.21199999999999 6371.1483502559768
265 QIX 55.579645438744549 108.20000000000000 6372.1736444751305
266 CTA 109.97612183405009 146.30000000000001 6376.0000278274993
267 PBQ 34.903388184911954 282.25500000000000 6363.7698859653883
268 ARK 25.566508996600366 40.500000000000000 6360.7185034828244
269 THJ 66.243184370822902 102.70000000000000 6376.4717046296455
270 BSL 59.817533430307058 270.36000000000001 6372.7192873893600
271 MZL 40.590032438419570 117.40000000000001 6366.4607386192874
272 ANK 50.298234534808572 32.764000000000003 6370.2897222312940
273 LRM 112.08559272091227 114.09999999999999 6375.1047121201136
274 KSH 50.688730584846439 76.000000000000000 6370.8479365560079
275 BGY 58.448849547172330 35.088000000000001 6373.0103314384978
276 PEG2 52.106674992513149 23.933000000000000 6370.5395411272202
277 HVN4 67.155018426747262 277.68299999999999 6374.8998288176708
278 TNB 164.58466489685793 164.11699999999999 6358.2839470128220
279 DLN 51.088226466133413 121.50000000000000 6369.8050466291634
280 BCL 80.778073611937913 105.73300000000000 6377.5850683244844
281 BMT 49.889732673454496 116.20000000000000 6369.4175221374144
282 SFS2 53.683835614400238 353.88299999999998 6370.6766835209446
283 AVE 56.876358397606708 352.58300000000003 6371.9587460729063
284 ANC 101.61387506772704 282.85199999999998 6377.3151141374537
285 ASP 113.62040746968155 133.88300000000001 6375.2462916494560
286 ASC 97.896460553367120 345.62400000000002 6377.9083759553587
287 GUI 61.840402953315284 343.56999999999999 6374.2035188283189
288 OUL 25.629772540150533 27.230000000000000 6360.8668469354880
289 ESA 50.954403394147121 141.35800000000000 6370.0211483429530
290 PND 78.157537504074938 79.920000000000002 6377.2379961730921
291 PST 141.51567532411573 302.11000000000001 6365.1429645626376
292 GLM 53.783557390713106 94.900000000000006 6373.4492547872687
293 VNA2 160.52937137209798 351.25000000000000 6359.1593566134370
294 IQA 26.399960956430238 291.48200000000003 6361.0297544240539
295 NGP 68.979178184453460 79.082999999999998 6375.6852718514974
296 KDU 102.61771129853605 132.50000000000000 6377.1266396387255
297 VSK 72.441000597037103 83.319999999999993 6376.1847014778677
298 PHU 69.095602326677437 105.96700000000000 6375.4074142341233
299 KOU 87.804780250459842 307.26900000000001 6378.1154657318702
300 LIV 152.50469526790349 299.60500000000002 6361.3110602161496
301 CMO3 25.280289262992543 212.13300000000001 6360.8329267698600
302 ELT 60.495237199112097 34.950000000000003 6373.1802014555697
303 UPS 30.267258685145283 17.350000000000001 6362.2144814846642
304 SIL 65.216786663013096 92.819999999999993 6374.3636606525288
305 TIR 81.387167396010753 77.819999999999993 6377.7050290261059
306 ORC 150.56858178076493 315.21699999999998 6361.8958276692729
307 SBL 46.259268551040364 299.98300000000000 6367.8874728883820
308 MID 61.950015847304421 182.62000000000000 6373.3896115790722
309 QSB 56.307844547743890 35.643999999999998 6372.0583090186483
310 TND 91.281367964855448 124.95000000000000 6378.8302527557462
311 GZH2 67.038563382177941 113.34999999999999 6374.8795550407549
312 JCO 19.772196639796903 211.19999999999999 6359.1982832080166
313 SHU 34.830215558523079 199.53299999999999 6363.7843108926145
314 BFO 41.858180491493549 8.3170000000000002 6366.8886029538407
315 BGY2 58.454831448204075 35.082999999999998 6373.0123270016447
316 IZN 49.689949546782721 29.733000000000001 6369.4169345621985
317 PLR 96.920813810476901 106.55000000000000 6377.8789525226975
318 LYC 25.549430587929798 18.750000000000000 6360.9835582002652
319 KPG 100.13313843080969 123.66700000000000 6377.7118200224550
320 KMH 116.38749131714334 18.109999999999999 6374.9607932533581
321 TDC 126.88207563006135 347.68500000000000 6370.4511902267805
322 IPM 117.01495904055865 250.58300000000000 6373.7902067614414
323 GAN 90.690347792395613 73.153999999999996 6378.1378806344692
